1255638064 0
1255639254 1410
1255714963 1436
1256255054 1559
1256257180 1561
1256599159 1835
1256838805 1835
1256851135 1835
1257189792 1858
1257295238 2184
1257296481 2603
1257454136 2616
1257810112 2628
1257893348 2631
1257963530 2633
1258064025 2636
1258084534 3841
1258134941 3850
1258135577 3850
1258136447 3850
1258418825 3913
1258597405 3913
1258745432 3937
1259610142 3937
1259707896 3937
1259779115 3946
1260408539 3929
1260485237 7856
1263249207 3929
1263338366 7858
1264639127 7860
1264710432 7860
1264802970 7860
1265157908 7860
1265386181 7860
1265759069 7856
1268363556 7856
1268699769 7856
1268699929 7856
1269293476 7856
1270149545 7856
